곽태차 75 5 19 34
오은야 36 36 94 85
이자은 8 71 70 3
띵으로 50 35 0 86
박지으 21 69 77 89
김잘지 100 89 47 1
우바일 28 78 58 86
위든택 68 20 39 68
무조차 13 100 26 82
손다깡 94 60 42 14
위포카 38 29 13 58
최맹마 47 2 6 85
곽차정 16 97 55 10
띵자쇠 100 59 26 83
쌉오깡 65 6 98 62
곽근석 13 41 91 93
박으술 58 11 85 92
정다로 31 33 65 54
위석촐 75 90 53 28
황마지 33 2 49 54
최칠호 72 40 46 54
조으술 82 93 50 20
강일은 70 66 65 9
나치자 52 99 14 32
띵은괵 57 68 6 11
무오지 71 36 1 92
띵일룡 21 3 39 57
김은하 98 91 19 18
무톤촐 97 66 38 96
박로팔 17 35 67 73
강사든 18 83 19 10
오치수 65 86 13 16
손다독 57 68 23 77
정도괵 100 18 89 27
나다태 35 96 54 62
씹도룡 67 62 89 10
쌉택으 51 25 53 23
재은가 39 36 0 89
톤석시 29 90 82 52
강치사 59 91 37 31
노오다 35 15 12 57
쌉술보 81 35 83 70
최출든 41 12 59 41
조촐괵 2 10 20 77
손조오 53 10 97 99
노크루 22 93 33 97
재카석 70 34 75 89
나퉁촐 79 5 47 66
나독파 6 44 56 8
손풍파 57 82 80 32
위룡맹 80 61 73 77
톤독사 96 82 72 59
최마칠 0 39 54 40
쌉호퉁 68 60 3 71
씹오술 69 36 54 84
톤지시 22 19 7 61
띵술수 95 75 84 2
강파카 87 99 22 49
이룡술 68 26 57 2
쌉아모 35 28 66 61
우모가 20 69 98 46
우은보 63 86 60 98
김룡조 33 42 32 12
무호일 17 46 67 48
띵조포 95 71 64 53
최라칠 12 13 34 20
무괵풍 2 48 48 23
최마뭐 7 68 92 56
박보카 5 17 88 55
위칠라 81 16 26 25
최포태 74 69 84 1
곽정출 75 47 95 11
조퉁오 80 44 90 94
노근은 74 61 57 79
씹자태 91 84 70 83
나팔는 43 42 5 69
김독택 32 31 78 87
손택지 26 3 9 73
박가팔 85 43 17 41
무다야 96 35 56 52
위사든 76 77 37 68
곽사시 63 38 30 5
쌉독시 96 32 7 25
무뭐나 10 46 78 63
김괵차 1 85 60 43
정나는 17 90 61 35
띵사든 6 27 7 7
무아모 31 27 28 21
무막하 36 70 58 46
오포차 51 31 86 28
곽룡모 39 59 75 89
재출톤 29 57 18 93
나지마 81 11 74 66
재라아 43 78 27 96
빡잉톤 7 9 30 77
황수보 46 5 87 77
빡타잉 63 50 34 22
정바아 94 34 65 7
무치도 81 88 71 83
톤카잘 83 67 24 83
